2207202601099123456700110000000000000011234567810
2207202601099123456700110000000000000021234567810
2207202601099123456700110000000000000031234567811
2207202601099123456700110000000000000041234567811

2207202601099123456700110000000000000051234567812
2207202601099123456700110000000000000061234567812
2207202601099123456700110000000000000071234567813
2207202601099123456700110000000000000081234567813
2207202601099123456700110000000000000091234567814
2207202601099123456700110000000000000101234567814
2207202601099123456700110000000000000111234567815
2207202601099123456700110000000000000121234567815
2207202601099123456700110000000000000131234567816
2207202601099123456700110000000000000141234567816
2207202601099123456700110000000000000151234567817
2207202601099123456700110000000000000161234567817
2207202601099123456700110000000000000171234567818
2207202601099123456700110000000000000181234567818
2207202601099123456700110000000000000191234567819
2207202601099123456700110000000000000201234567819
2207202601099123456700110000000000000011234567810
2207202601099123456700110000000000000061234567812
12345
220720260109912345670011000000000000002123456781X
220720260109912345670011000000000000003123456781199

   
